92 365 417
166 13 862
862 166 13
923 356 762
983 475 200
365 417 92
13 862 166
724 41 610
443 845 1097
954 564 302
370 300 195
300 195 370
1001 403 320
626 434 408
1010 1061 799
1061 799 1010
558 143 767
182 817 369
523 420 506
387 831 620
434 408 626
408 626 434
41 610 724
149 894 814
894 814 149
929 526 841
845 1097 443
1097 443 845
200 983 475
475 1000 787
417 92 365
949 195 370
195 370 300
841 929 526
1079 917 686
526 841 929
814 149 894
292 32 433
81 971 653
684 864 1015
610 724 41
971 653 81
653 81 971
433 292 32
369 182 817
32 433 292
925 793 813
817 591 581
591 581 817
403 320 1001
686 1079 917
917 686 1079
243 714 798
798 243 714
1100 564 714
564 302 954
302 954 564
1015 684 864
143 767 558
813 925 793
864 1015 684
620 387 831
831 620 387
799 1010 1061
793 813 925
787 475 1000
320 1001 403
356 762 923
714 798 243
767 558 143
581 817 591
762 923 356
1000 787 475
420 506 523
506 523 420
